7.537838307027365 2.8000905278828223 2
14.10431123709541 2.7167833675177055 2
15.570171852742474 6.654745284220114 2
11.81967568886631 3.498774261383584 2
16.074343197104593 6.756066141516459 2
10.867411203945892 5.9603949292376415 2
9.31664766174219 1.451101977422941 2
13.662317325683718 1.4000789239191667 2
14.00097576928686 1.637075532839694 2
15.540664767056748 6.6373160170754995 2
13.186632195718934 3.9429431810078768 2
5.782330426522876 1.1916516033269204 2
3.4943919866254207 5.819296598826233 2
3.569334751900617 2.7804078963887875 2
5.373508545141503 6.216088583768323 2
6.349663170441958 4.910036770499261 2
2.144551887715102 6.1221793010771535 2
14.86987927960729 6.544958486865781 2
4.564742755515232 1.9405882009871875 2
3.570707224286214 5.975207802032287 2
2.9410266020746993 3.8034222860783204 2
10.339928314655515 5.2630056366693125 2
17.318758173191913 3.633415072889569 2
8.205722467157774 6.9615523807584925 2
5.450939075314032 5.44349619127188 2
5.5531123522865995 4.845258078801763 2
5.0088057038726355 6.358767751126868 2
1.8361889323298182 4.167015627186421 2
11.32241190416417 2.2269051006116607 2
6.047825282872258 6.664722481633749 2
12.22671160036648 4.530517991866262 2
2.1501274610276484 3.8528533261364624 2
14.417429113874006 2.9023988303460166 2
13.418015988496075 3.8236518764098397 2
6.649654023822331 5.257126471832939 2
17.987947437376874 5.491401123805915 2
15.204629383253938 6.8363708131260825 2
8.343322460891448 1.426201920017123 2
4.648921855488123 6.229328904285138 2
1.7578922528838026 1.9220628863519842 2
12.825302238965858 4.559952112029327 2
10.49470069180645 5.897084570753167 2
15.432674720632706 2.412331263188886 2
4.146870951527427 6.858290649785675 2
15.081679467316388 6.5920186534197045 2
13.870958604921512 6.181240000198089 2
10.086215534627543 3.975142163265064 2
8.793405714044562 1.871965302075738 2
5.702138912683986 3.9141555844392 2
16.213459618472314 4.327671480106275 2
15.483380845778381 1.787682235356102 2
10.871660282113462 1.89356553825636 2
7.089916408288682 5.387225245742095 2
15.003800201898084 3.438073029441656 2
14.331007125215626 3.226085056280769 2
11.520658252590236 2.4110915082249225 2
17.167281843076022 1.2101737757823907 2
5.54625728972841 1.8048793952035003 2
10.383689582560896 6.839337535078788 2
10.448735175737273 1.6770868655238393 2
3.843937261310817 1.4029942090249607 2
9.752553684794377 5.100810743843093 2
5.288595271191381 3.735157764459731 2
6.673756775011848 1.4655310797278993 2
16.522381678944523 2.606010473559376 2
2.1819046140215637 3.0512556160445463 2
16.566813968144885 6.984872093419632 2
8.438711528879077 2.3898840090644518 2
3.368291533600316 4.266738878828679 2
15.003898451141346 3.083818546663343 2
15.06834723885619 2.3696947618788755 2
14.737450685736817 4.692812955052709 2
2.0921602016760925 5.377808858540648 2
3.3717746916234024 6.168430628103086 2
1.9260801658716022 5.179957748832954 2
18.28847013313782 1.4972762345547248 2
14.426652045491316 5.621745464398992 2
13.980537569119717 6.419986785344632 2
5.629594281260094 5.05800529523098 2
10.371305785254027 5.828069555839402 2
15.881266997168126 2.385855751194876 2
11.971729426305096 1.641084609097301 2
16.75369846629583 2.5737764815970436 2
12.436242204293569 5.573889585800401 2
2.8197863595745063 1.9571839250620544 2
3.08021254051636 4.65278145817136 2
4.990181348121983 3.2821644891599515 2
15.56595384379133 2.5696367705272856 2
6.445872461609944 6.352607485730985 2
17.18933691733391 2.6530577700468365 2
18.310725414630426 4.271073824839937 2
10.499295689144166 3.5144734572136467 2
11.151435039910472 5.5236643439852635 2
3.9086087184680096 3.572317465138905 2
7.639345727620534 1.1924955671778827 2
6.458275574845915 6.366268142380738 2
2.988045360064331 4.021109820187182 2
6.713280556100768 6.597314160470519 2
14.00911257395709 2.710819218934006 2
3.0896415826673955 3.9641593161644284 2
13.068914459368221 4.498915393622406 2
7.686226580819369 2.686013957367515 2
1.6778162799104996 1.5263841856864373 2
18.636899325029724 6.699923503018899 2
18.370344853741088 5.342297070245827 2
2.217824238098083 3.68061124100513 2
6.763444181008747 6.344456431224364 2
9.641511470816676 1.3023361209516944 2
12.62357912970775 1.4613328340224734 2
3.596037897972433 1.9017619137517408 2
13.90490648392525 4.966180946663535 2
6.151001445666466 2.338963392311576 2
15.739366534261933 3.9690029445877504 2
9.052268464826062 1.9446761076756243 2
2.331562908842653 5.742052224822619 2
15.463221697984167 4.290601073774278 2
5.5584871365848905 2.475721736025158 2
11.128890357963135 5.612354194138895 2
15.07408737155787 2.154389477784924 2
13.337530460196835 3.0176899266962796 2
11.674444871865788 2.786022425357676 2
10.658852493603167 6.11838346082544 2
9.36407505389518 2.79951805522997 2
4.118496246134306 6.227104350950227 2
9.55401141768412 2.5575338149243643 2
14.813119298066342 6.359923859701473 2
10.406527422295794 5.602752671765302 2
10.440345453273112 6.538387517426314 2
15.56787907571426 1.8724333345428612 2
12.271120057357168 3.311271317163425 2
10.12882345868261 3.7862151624082965 2
2.0487243832844753 4.766670402280058 2
9.345494810844977 3.2839258321501124 2
14.755240142390297 4.169529928866105 2
7.719048124707358 3.6488187444075715 2
10.000608845760734 4.046533761545651 2
12.605089247640226 6.3229359756328165 2
15.275195174714 2.322161091286911 2
13.789167917110259 6.499763198849722 2
9.91121424025932 1.0740606967775665 2
6.351294064701047 4.5728502537467905 2
1.127236088922874 2.9935642423306597 2
18.730515141076722 1.0875968609346547 2
3.880034678818004 3.453320410105873 2
17.167700394607284 5.744515256610919 2
16.788258647040845 2.901705474674662 2
3.3464040881439017 1.2421232841938423 2
1.5925782802108241 3.9407441155537533 2
14.209443559399375 3.5545494147112953 2
13.686203969794477 6.464691737014352 2
5.954920468864055 6.854114772057651 2
7.634955415381757 2.3414909118558316 2
2.071178840270661 6.763853050344415 2
3.2325002495877917 4.643468791405813 2
17.923862885047907 3.597645726474391 2
17.098006762659345 1.0713499286006034 2
7.397001312378823 5.399934413720001 2
16.36337914195601 5.635393344500384 2
14.287177817585249 5.524107048903082 2
17.124482440490667 4.795883744930195 2
1.2474138018097252 5.165016580961517 2
10.114797608847814 2.810206403352362 2
7.557247073932 2.3100641399950788 2
5.216989935255009 2.2534956499256484 2
17.32570705441834 1.415746590412321 2
12.488536880749358 1.5543650607599604 2
3.928407583149644 3.115568016986784 2
10.839368868298223 3.5942218419506524 2
18.631011157384535 2.3988974339882363 2
1.9608782007690777 2.178526305112635 2
4.802642875435971 4.783039149612575 2
10.873482665736049 5.178234520492353 2
1.7173696424620881 5.416560593200845 2
13.832518859080338 6.805503589069217 2
15.549691852806964 6.856275949495453 2
11.621736720334393 1.98752555713174 2
7.104802418819564 5.968841814713331 2
11.88326360067126 6.452760036886845 2
5.402445132783896 5.587956693822058 2
14.456440562550794 6.763903399643056 2
3.470336938462907 1.0977339345640706 2
9.862271114154941 4.705084951854831 2
12.291032812791052 1.8153106493438875 2
17.28947106503691 2.28712397956701 2
2.670679645101547 2.1757533401741975 2
12.079278299354813 3.5508216481430517 2
12.634912297915205 2.463869473053646 2
13.046979863086534 1.957707409967137 2
12.101499801005168 6.2522712772612845 2
1.7974869565356082 4.946719894178965 2
14.572428088241988 5.75127177692123 2
12.638625047445862 1.0445810239116124 2
11.161862671239586 1.272117295063919 2
3.6040941417977543 1.32080356498406 2
8.259716909127816 2.1510423516525754 2
3.66104469097703 1.6318220626988742 2
1.5274846211718875 4.804102602944013 2
14.151214791823488 2.399233643555154 2
13.524909845328981 2.2319090050502366 2
2.4932329832287103 1.2453786543695418 2
11.155586383677024 6.438344835346938 2
8.030372952917906 3.12542108846994 2
5.905854145253793 2.098497250255064 2
4.532942710886337 6.431239787248574 2
5.028474215183607 1.2724573145141067 2
12.403764620923148 1.6691472149553463 2
15.862743071707023 1.7438956037064688 2
6.967478942475112 6.01986450039336 2
8.621731025384385 5.19721107745512 2
11.160963274372502 3.9677422696543125 2
12.465271997422604 2.590495401182889 2
2.4819737176194128 3.4753284707904344 2
5.830691381604717 3.3788333158796178 2
3.0653639334980207 5.520888289076292 2
7.265973682402543 3.993127994544099 2
9.181313200323352 1.2709095053405068 2
6.938393236637858 4.676899829347759 2
15.895092631902441 4.85733241896831 2
6.1169581014528855 5.38884870576281 2
12.982043505252053 6.852766146842397 2
1.5700955543706272 5.34747801266025 2
17.011716747369153 3.4635500495617535 2
13.996899523915909 2.088872557789503 2
12.291650840160042 1.876768894190366 2
4.448687584142563 5.893230223635824 2
9.303275282057953 4.9599173419994305 2
18.439400358523816 1.8686103700862993 2
17.111849973925864 5.196732794988864 2
13.877777924190228 6.26499067601826 2
18.454709682107662 3.52358752625349 2
11.834695160140267 6.828290068825874 2
17.440286940585892 6.602575061897825 2
11.986269504428561 2.587987942354853 2
1.6400716671661497 6.034143770923276 2
3.7060013080392546 4.571365100212578 2
5.841500842403328 3.0588233389439905 2
6.644762075296726 2.9900868361175905 2
17.706607247267637 6.078938813380093 2
12.271751904401397 1.8120327493024537 2
13.1405927499044 5.356390785609191 2
7.675426200677177 5.73084486872421 2
14.848992328692345 4.230517703272084 2
17.6851828038881 1.5202259350730478 2
12.01750125567625 5.824868408372151 2
18.995070268438315 4.394679586043838 2
17.544305651246166 4.505838978015199 2
16.19465207492249 5.192758735945609 2
7.396126815336831 5.097266321650935 2
10.359069023859941 5.913237001248627 2
1.9903291205261913 2.710142661750445 2
18.532417359167585 6.88456354761109 2
7.775964951423077 1.8791264996707981 2
3.846320733844379 6.882961127727411 2
2.2468812400415663 3.481225367529964 2
13.001290307764274 2.0449508140087147 2
9.334027004556884 6.4694871365553155 2
4.560183569814706 5.473518961903915 2
8.724488357437654 2.0645860511743503 2
13.469641385286707 1.8478419824047492 2
8.896644319280655 1.1855261060535152 2
11.222040361910876 6.34896222406496 2
2.6861513362464464 5.791000031166333 2
11.410607864997216 1.9998249500175511 2
18.677769186180143 4.312887812742469 2
16.321168408525786 3.2208744301128434 2
1.3890764359106673 6.882009322821492 2
5.916317823833339 6.649441025826945 2
13.40176677525106 4.6514827778754455 2
7.839546488230234 6.87266649823057 2
4.903183818336796 6.152222004216092 2
9.062158492841277 6.225891017363203 2
13.130151317853091 5.250293711193959 2
10.811847675098488 2.8484611906560433 2
17.103503053524214 2.3662561152064376 2
18.847880024905155 3.6725875514593973 2
15.220236538097735 3.2119515056856534 2
12.429856175769466 1.7598649004679348 2
18.23712412280984 5.701586562635176 2
1.167631706717934 5.418978066239831 2
2.5519468272639254 5.814456218953768 2
18.89718507744167 1.932117147759397 2
5.815505620648267 5.887811397338709 2
13.888939805722025 6.532469374108864 2
17.246107488490953 1.621974603481442 2
7.149783928170436 5.560270441941632 2
4.33203735825934 4.39162155223824 2
11.547298433844421 3.703102833720175 2
2.49834855583528 5.235928711661504 2
15.76914651039654 5.2789953915378565 2
18.326045232151664 3.062541242992575 2
17.82938074301277 4.2701415101280755 2
9.125141152312903 5.47784610561159 2
12.215441848362799 1.7319057935723086 2
5.885563545343505 3.4845806061369355 2
16.811301600084622 3.68365775708332 2
10.411049813716241 1.9947706487003842 2
7.280101558255692 2.628995557208185 2
4.04386939802398 4.8299992745245 2
1.9911558346586087 6.177065190056977 2
10.13808201942186 3.382433279994067 2
14.500673844732923 1.8572184375070953 2
17.970568613849125 4.170181910234996 2
15.844719272082298 5.487934354193683 2
2.388471821264223 2.785279292795523 2
7.11460678656256 5.326464283504119 2
1.2790225046715755 6.482376913219333 2
18.292025069940664 1.6437440175391587 2
18.59506877256634 4.977669052422059 2
18.808778305169096 2.209368649324611 2
8.457038336715833 6.366638159746569 2
5.22800285821127 6.2536985593331655 2
1.009004107431314 1.309658174235231 2
16.19474606503124 4.20709832257301 2
4.484275323620865 6.920446913172999 2
13.318707419197539 1.3611549539140322 2
15.740561623190834 3.2368358537089925 2
4.5030352924745305 1.5233719879391407 2
7.31332604185424 4.276913062780583 2
17.388128133009683 5.953143274627184 2
12.81651385328221 5.66667342945171 2
14.501883316855233 1.4738409270868946 2
11.041425615322291 5.591234688585017 2
5.670551006269649 2.7358597501055213 2
18.16520839272064 4.784138164634911 2
12.057775838498795 4.260691951446127 2
18.107898537994405 1.1359148116454238 2
3.5183542730834807 1.564536769465576 2
1.0575528659413016 6.787469415569098 2
18.156777794930015 3.5584549779793173 2
12.560100385367742 6.417689570662446 2
3.8361902300786133 2.4354911418670655 2
13.547347032642309 6.447541098375373 2
17.50318872660909 2.2584453828357516 2
12.181838541427458 2.13269492333336 2
16.663047955298634 5.966365162190806 2
7.150933005094378 1.0116415335947402 2
8.985096924291323 4.316583649666102 2
16.124411598143382 1.9618756768507053 2
14.1779689672077 3.467557508951942 2
4.544450728846222 4.4452914162198285 2
1.1845316972127522 4.044797647251036 2
11.650267505592206 3.972942418549316 2
9.909146400674901 2.689267706643278 2
8.387255816809228 5.929244815709166 2
5.543535607135559 5.630777753445766 2
16.597903037186086 3.096727753647901 2
18.205664704001826 6.516995954065946 2
7.134213259912676 6.160251294617838 2
10.738118747275212 4.8969394606924785 2
18.37219049796793 2.238996082250673 2
