26.702437936859752, 1.7977731642498485 1
17.817434927974304, 1.823197415536416 1
24.98376914902417, 1.9940421635643402 1
29.96340560750801, 1.0399639045594062 1 
36.96593892164569, 2.4922709701126466 1
14.634534137201626, 1.0214351659419079 1
19.597970129329482, 1.7604236431013034 1
7.005253508167277, 2.155442970500227 1
32.588470516849185, 0.6296042347200757 1
25.59001828946442, 2.026515214826952 1
9.70152459107181, 1.7212027980801101 1 
2.1903620956598253, 1.9114084892465693 1
31.204027822165372, 2.2977232593661805 1
4.995083256523955, 2.193401550043587 1
29.832726923139894, 2.445384483700195 1
9.70250502692638, 1.3336460841170021 1
34.07605762411445, 1.0290388970978004 1
19.050113307024702, 1.5320570159768039 1
