1,20309465286439 0
1,20089489846012 0
1,20055204494653 0
2,40110408989305 1
3,40405443228733 1
4,4138737251377 2
5,4321406186927 5
6,44540292945885 7
7,45442137631753 8
8,45959134491474 12
9,46560450042727 12
10,4681127604608 12
1,20033736217199 0
2,40067472434399 0
3,41741684732307 1
4,44468590573045 1
5,45297794677568 3
6,45511851139811 6
7,46025750808753 11
8,46094693801209 12
9,66216062044511 12
1,20341440879373 0
1,20252209882305 0
1,20038985055361 0
1,20228067304987 0
2,40456134609974 0
3,4046787159835 0
4,40836246784951 0
5,41632303765677 0
6,43159174977518 0
1,21221422832608 2
2,42442845665216 3
3,42846491495148 5
4,44478550386229 6
5,45625665397557 6
6,46514255107242 8
7,6812336218445 10
8,88507840112087 10
10,0889231803972 12
11,1002421273915 13
12,1012905846654 15
13,1715763479969 15
14,4385785155705 16
15,4575609953921 18
16,4575609953921 20
17,4575609953921 20
1,20009164346228 0
2,41326716378479 2
3,41953733596579 2
4,42432313360546 5
5,50431419928651 5
6,59908677540717 5
7,64201268531852 9
8,64201268531852 10
9,64201268531852 10
10,8443171063786 10
12,0519367301151 12
13,2568987525134 14
14,2633544647744 14
15,2651687898439 15
16,363964364527 16
17,7042039549373 18
18,7042039549373 20
19,9065549476354 20
21,1097113721784 22
22,1253416831022 23
23,1384217278292 24
24,2159980725525 25
25,4879505612329 26
26,7664180874681 28
27,7827767719446 30
1,20725729634968 1
2,41451459269935 2
3,4725242461983 2
4,47450640100165 2
5,50917347822568 4
6,51098296162182 5
7,52598117027675 7
8,68131061549576 8
9,94561309227858 8
11,2857038001445 9
12,2857038001445 10
13,2857038001445 10
14,4865023980966 10
1,21177543618645 0
2,42355087237291 0
3,46259714974092 1
4,53102586178 1
5,62672036832899 2
6,73920607409937 3
7,79084358691706 3
8,84520797225543 3
9,88587460752 5
10,9145260129534 5
11,94543181742 6
13,0572117685675 7
14,3208129074612 8
15,5844140463548 8
16,5852503328186 8
17,6904159445109 9
18,9540170834045 9
20,2176182222981 9
21,4812193611918 9
22,7448205000854 9
24,008421638979 9
25,2720227778727 10
26,2720227778727 10
1,20190274965934 0
2,40380549931868 0
3,43594567164668 0
4,45158474390562 0
5,58341171642585 0
6,62448104488166 0
7,68910092129153 0
8,69083165800449 1
9,71254853215772 1
10,7373302238959 1
11,8638703170985 1
12,884796268675 1
13,9053306528072 1
14,9735123204098 1
16,0253699954578 1
17,1214973095686 1
18,2110284977957 1
19,2160104685042 1
20,2344761086619 1
21,2554514103089 1
22,2579237195281 1
23,2606826754324 1
24,2813713303943 1
25,3400993283942 1
26,4418604925055 1
27,4875653731734 1
28,6369283516171 1
29,6469344915971 1
30,6824232338755 1
31,682653988951 1
32,7279181161339 1
33,8253971237818 1
34,8551797401209 1
35,9133846005585 1
36,936034546519 1
38,0013720773351 1
39,0504793874646 1
40,0634249886446 1
41,1057677762785 1
42,1098565675931 1
43,1610561650924 1
44,1826894567807 1
45,1923246216233 1
46,2281843390391 1
47,2442529851417 1
48,2736792212974 1
49,276504451929 1
59,2938689831939 1
69,3097252303551 1
79,3191463459547 1
89,3345874628133 1
99,357293971839 1
109,373150219 1
119,383409041106 1
129,404862713323 1
139,420718960484 1
149,436575207645 1
159,447671736257 1
169,468287701968 1
179,484143949129 1
189,497589448644 1
199,511934431408 1
209,531712690613 1
219,547568937774 1
229,563425184936 1
239,576197126559 1
249,595137679258 1
259,610993926419 1
1,20157342988106 0
2,40314685976212 0
3,42411599024517 0
4,52231851480531 0
5,52622970868158 0
6,57791783971682 0
7,60996505591337 0
8,63351716462833 0
9,72538470778386 0
10,7254611862252 0
11,8395987746934 0
12,8404349634194 0
13,9538128416029 0
14,9805074573226 0
16,0209790650808 0
17,1205799512259 0
18,1507804689966 0
19,2251748780969 0
20,2964550423315 0
21,3273999546397 0
22,3721039381146 0
23,3802026136528 0
24,3968264304969 0
25,4327127784765 0
26,4346154573833 0
1,21467768577905 0
2,42327249749959 0
3,63186730922012 0
4,67023083085428 0
5,77971288540945 0
6,8299515465263 0
7,85472888524145 0
8,86911149334245 0
10,0704563821501 0
11,2718012709578 0
12,4731461597654 0
13,4915681533608 0
14,534573093143 0
15,5926848170056 0
1,24552837098223 0
1,21785656882038 0
1,21220092786292 0
1,22278295286347 0
2,44556590572693 0
3,470955161283 0
4,48353749383271 0
5,55030856765952 0
6,83114900635018 0
8,11198944504084 0
9,12205298994935 0
10,1898579405289 0
11,2806042741697 0
12,3814575740097 0
13,4499512499716 0
14,5161916384941 0
15,6192982257735 0
16,6509257029786 0
17,7886452015754 0
19,0902533870565 0
20,3797158810578 0
21,6024988339212 0
22,628181083535 0
23,640470422027 0
24,7305555241414 0
26,0321637096225 0
27,3088192806174 0
28,5316022334808 0
29,5380763484074 0
30,5695738215866 0
31,5940641543696 0
32,6075454096924 0
33,728798218854 0
34,7506780569499 0
35,8635322833385 0
36,8788985886318 0
37,9062715387674 0
39,0482455644337 0
40,1330004123073 0
41,1670260797366 0
42,2677344767918 0
43,3869395160374 0
44,4024685412762 0
45,5562864918393 0
1,20286846770151 0
2,4064001899098 0
1,20035471104521 0
2,40070942209041 0
3,40282918668161 0
4,4289007724009 0
5,44459049808926 0
6,44893694849367 0
7,46875191763972 0
8,47364894026673 0
9,47562628848825 0
10,475820916185 0
11,4845485050504 0
12,4905982893709 0
13,5883012422943 0
14,6210989405748 0
15,6471347638541 0
16,6980466486488 0
1,20693205548691 1
2,41386411097382 1
3,41826717207531 1
4,42541753678534 1
5,43131265367106 1
6,43697096259686 1
7,43841332371788 1
8,44852438840838 1
9,45266018290125 1
10,4600778142199 1
11,4710048875644 1
12,4716312400314 1
13,4743341482104 1
14,4831846658429 1
15,4922872040648 1
16,4947380916544 1
17,509528546344 1
18,52095662319 3
1,20058054647182 1
2,40116109294363 1
3,40140853641227 1
4,40212867039666 1
5,41022456024986 1
6,41553233567994 1
7,41682598023539 1
8,43300716248569 1
9,44514464091384 1
10,4587114025766 1
11,4706735945328 1
12,477124450401 1
13,4806154845135 1
14,4886858295005 1
15,4995336329935 1
16,5020033053691 1
17,5175519774146 1
18,5199391382494 2
19,5215138212368 4
20,5268821603372 4
21,5273798425486 8
22,5305371188759 11
23,5327159916911 13
24,5446333621577 15
25,5447395314925 16
26,5728335062627 19
27,574131605838 24
28,5779716087598 26
29,5994600920468 27
30,6075221237559 29
31,6152877237579 30
32,6305971220916 30
33,6524420244428 30
34,6700094422223 31
35,6815409328784 31
36,7034422383924 31
37,7089012131556 31
38,7155766071976 31
1,20605941371834 1
2,41211882743667 1
3,4205489684805 1
4,42221785030057 1
5,44564170574803 1
6,44695721026558 1
7,46396952406975 1
8,46420550135483 1
9,46904360484744 1
10,4723878956693 1
11,4846300830532 1
12,4853891818155 1
13,5011921895456 1
14,5100665737511 1
15,517907237224 1
16,5198359503387 1
17,5303134634626 1
18,5406406220153 1
19,5431606327745 1
20,5477100348901 1
21,5625786250904 1
22,5712146702795 1
23,5995200694494 1
24,6078130958015 1
25,6162686183921 1
26,6329048790559 1
27,6366470178677 1
28,6420838362872 1
29,6498969835536 1
30,6506458564213 1
1,20666562596026 1
2,41333125192051 1
3,41496509499163 1
4,42444062852094 1
5,45805205375356 1
6,46312058501817 1
7,46660338933358 1
8,47477446608065 1
9,47879539527741 1
10,4925779103856 1
11,4999894983909 1
12,5050603431917 1
13,5070160429519 1
14,5136016537144 1
15,5136143430774 1
16,5166320823104 1
17,5196844737977 2
18,522406998025 3
19,5317459000356 4
20,5356955328408 8
21,5464595419752 9
22,5602613937529 10
23,5760965940453 11
24,5819079328687 12
25,6007797275811 16
26,6043622977952 19
27,6122112037371 23
28,6281172927693 24
1,20210263589304 0
2,40420527178607 0
3,40482541616381 0
4,40770966494113 0
5,4102261543491 0
6,41121405809619 0
7,41562303758643 0
8,41694323090839 0
9,44880890468978 0
10,4518135428842 0
11,4547250294717 0
12,4552481016365 0
13,4559031704628 0
14,4569658330826 0
15,4616872985833 0
16,4681528737367 0
17,4755521874397 0
18,4764641998022 0
19,4768420051507 2
20,4786020984015 3
21,4808399246123 5
22,4852009837778 8
23,4872464354004 11
24,492968018903 14
25,4937699592346 16
26,5133711773615 20
27,5195997774154 26
28,5218766115211 31
29,5232142327055 40
30,5514549715078 45
31,6066332000809 49
32,6413398525647 52
33,7098706540213 54
34,7887964218124 55
35,94203633597 58
37,1958283011783 59
38,4496202663866 59
39,4496202663866 60
40,4496202663866 60
1,20400638642227 0
2,40801277284453 0
3,40844435700579 0
4,41469008354831 0
5,41519037607989 0
6,42136739425208 0
7,42204294471576 0
8,42804470495586 0
9,42866130432792 0
10,4347220156596 0
11,4548598587574 0
12,4623085645414 0
13,4720267324206 0
14,4745509473474 0
15,4830626598572 0
16,4849052455901 0
17,4857901722968 0
18,4900865760829 0
19,4909499385029 1
1,20141148309069 0
2,40282296618138 0
3,41632409903773 0
4,41698475309528 0
5,41780249322111 0
6,42118055106805 0
7,42433490338214 0
8,42779947327681 0
9,44181665291292 0
10,4450939539459 0
11,4512314358787 0
1,20638578846078 0
2,41277157692156 0
3,41310184455517 0
4,42341455768952 0
5,42550545090436 0
6,43278885649989 0
7,45428200677071 0
8,45578461251235 0
9,47480581970577 0
10,4795301987988 0
11,4925392418769 0
12,4948244677985 0
13,5333669826878 0
14,5434415514284 0
15,5461825245993 0
1,20195052168961 0
2,40390104337922 0
3,40448888443154 0
4,4071519128619 0
5,410827100852 0
6,42168031259015 0
7,42688357124228 0
8,42845541027458 0
9,43720071963801 0
10,4407095083723 0
11,4479002839319 0
12,4504684351649 0
13,4534286043117 0
14,4690777588341 0
15,4695470641909 0
16,4775417388684 0
17,4804861390401 1
18,4947029621274 2
19,6956205022364 2
20,8965380423455 2
21,8970682743502 2
22,8980672758605 2
23,9067188642486 2
24,9120838318882 2
0,400212564043838 0
0,800425128087676 0
1,20063769213151 0
1,30221707110272 0
1,60085025617535 0
1,70155395348733 0
2,00106282021919 0
2,10171523777025 0
2,40127538426303 0
2,50243069844099 0
2,60443414220544 0
2,80148794830687 0
2,90757360928235 0
3,0111404932282 0
3,20170051235071 0
3,30287513039056 0
3,40310790697466 0
3,60191307639454 0
3,70782738577298 0
3,81222912700749 0
4,00212564043838 0
4,10246834600872 0
4,2034304755405 0
4,31746393053299 0
4,42936238985781 0
4,53178902705587 0
4,64141882458682 0
4,74921032358629 0
4,85377032825039 0
4,95431269558583 0
5,06336599045835 0
5,18095671663959 0
5,28839678083383 0
5,3997795600958 0
5,50655318345527 0
5,61270310969289 0
5,71460204766205 0
5,81514721856471 0
5,91821813675236 0
6,01988814114366 0
6,12278790820934 0
6,23051487703361 0
6,33157055479963 0
6,43171876577929 0
1,20367284584427 0
2,40734569168854 0
3,42141224726435 0
4,43711943712284 0
5,45237223217626 0
6,45399190854232 0
7,45649968726031 0
8,46823127851774 0
9,47545690401495 0
10,4853312157236 0
11,4883901862826 0
12,4903750098379 0
13,4991973417599 0
14,5202027627446 0
15,521879861848 0
16,5326024189536 0
17,5347377672298 0
18,5441338800032 0
19,5642780346824 1
20,5720992084786 1
21,5728726760777 1
22,5843929562798 2
23,5901212155768 3
24,6058441513176 3
25,6104009973692 5
26,6227166227371 6
27,6257588976952 8
28,6321177995909 10
29,6388094748121 11
30,6474506282316 12
31,6474953272156 16
32,6504376396472 18
1,20163055866624 0
2,40326111733247 0
3,40788007496302 0
4,40874565743969 0
5,410398289043 0
6,41062951881577 0
7,41073618491835 0
8,41141391066367 0
9,43179963134767 0
10,4318156415085 0
11,433014106397 0
12,4372333798018 0
13,4421502091579 0
14,450590081386 0
15,4617684800633 0
16,4683026331519 0
17,4739950506177 1
18,4824876765802 2
19,4907841976485 2
20,5039122420601 4
21,5368131290051 4
22,5422120751119 5
23,5522750765413 5
24,5549095818183 7
25,5574645744649 8
26,5582425213713 11
1,20024582057715 0
2,40049164115431 0
3,40517533319257 0
4,40577581415775 0
5,40642173133216 0
6,40736047430654 0
7,20752690321595 0
7,70831032609599 0
8,40777654658007 0
8,91535933349647 0
9,42768227682484 0
10,0081094043989 0
10,515121295516 0
11,0173178139087 0
11,5177768695234 0
12,0185681471307 0
12,5210746371723 0
13,0377677213759 0
13,1727736085437 0
13,2752964015008 0
13,3905538703626 0
13,5133572420113 0
13,6152999005148 0
13,7240585683091 0
13,8305598474126 0
13,9313570518763 0
14,0392963373505 0
14,1430793126232 0
14,2456829578329 0
14,3493568617413 0
14,4593471583357 0
14,5671827054816 0
14,6953695331433 0
14,796512944583 0
14,8995233409315 0
15,0336581988464 0
15,1385577741428 0
15,2470557584217 0
15,3471625733583 0
15,4609008574698 0
15,5662044123938 0
15,6671451609401 0
15,7716516996372 0
15,8724254203408 0
15,9759620941774 0
16,1032700185809 0
16,214607066681 0
16,3312749682953 0
16,4365959005456 0
16,5366271704127 0
16,6435757403623 0
16,7627495115122 0
16,8630075786287 0
16,9759243878659 0
17,0875386094511 0
17,1942240547291 0
17,3036232770026 0
17,4120459674649 0
17,5185236718251 0
17,625698597946 0
17,7327163091798 0
17,8491481654101 0
17,9545594991382 0
18,0560928811058 0
18,1564336167059 0
18,2577834400923 0
18,3669594643108 0
18,4721190384915 0
18,5736394789957 0
18,7032571425441 0
18,8099401224024 0
18,9201222275967 0
19,0205285870128 0
19,1272535793799 0
19,2447818198925 0
19,3515967708136 0
19,4630760441866 0
19,5702129175752 0
19,6726315003783 0
19,7779925131667 0
19,8923245388214 0
19,9948210609065 0
20,0957378371562 0
20,2003939294699 0
20,3009598135037 0
20,407595274182 0
20,5195334378147 0
20,823239326723 0
21,1235145758849 0
21,4266752232129 0
21,7327355012523 0
22,0452938634067 0
22,3467501678319 0
22,6666895720901 0
22,9670780642252 0
23,2798675520199 0
23,5899287400965 0
23,8924261742914 0
24,1935374003283 0
24,5144412406331 1
24,8471898327153 1
25,1560839070949 1
25,469781309631 1
25,7901588374169 1
26,0957726980176 2
26,3989249406853 2
26,7035998770181 2
27,0046857667565 2
27,306299975837 2
27,6071823160955 2
27,9082655661789 2
28,2181623064726 2
28,5235079547272 2
28,8243124048143 2
29,1252979298698 2
29,435145641958 2
29,7410851407656 3
30,0470552373875 3
0,400923227970523 0
0,801846455941047 0
1,20276968391157 0
1,60369291188209 0
2,00461613985262 0
2,40553936782314 0
2,80646259579366 0
3,20738582376419 0
3,60830905173471 0
4,00923227970523 0
4,41015550767576 0
4,81107873564628 0
5,2119308073028 0
5,61292519158733 0
6,01384841955785 0
6,41441459383022 0
6,8156948754989 0
7,21661810346942 0
7,61754133143994 0
8,01846455941047 0
8,41938778738099 0
8,82031101535151 0
9,22123424332204 0
9,62215747129256 0
10,0230806992631 0
10,4238616146056 0
10,8249271552041 0
11,2258503831747 0
11,6267736111452 0
12,0276968391157 0
12,4286200670862 0
12,8288291876604 0
13,2304665230273 0
13,6313897509978 0
14,0323129789683 0
14,4332362069388 0
14,8341594349094 0
15,2350826628799 0
15,6357924219084 0
16,0369291188209 0
16,4378523467915 0
16,838775574762 0
17,2396988027325 0
17,6402536610991 0
18,0415452586735 0
18,4423081679946 0
18,8433917146146 0
19,2443149425851 0
19,6452381705556 0
20,0461613985262 1
20,4470846264967 1
20,8477232292112 2
21,2485994397998 2
21,6498543104083 2
22,0507775383788 2
22,4517007663493 2
22,8526239943198 2
23,2535472222903 2
23,6544704502609 2
24,0553936782314 2
24,4563169062019 2
24,8572401341724 3
25,258163362143 4
25,6590865901135 4
26,059654036514 4
26,4609330460545 4
26,8618562740251 4
27,2627795019956 4
27,6637027299661 6
28,0646259579366 7
28,4655491859071 7
28,8664724138777 7
29,2673956418482 9
29,6674774567488 9
30,0692420977892 9
30,4701653257598 10
30,8710885537303 11
31,2720117817008 13
31,6768929970773 13
32,0985047298884 16
32,4997006087398 17
32,9152452014533 17
33,3171063331623 19
33,7188588692412 20
34,1202738557798 21
34,5216888423184 21
34,923103828857 23
35,3245188153955 23
35,7259338019341 23
36,1273487884727 24
36,5287637750113 24
36,9300831088426 25
37,3315937480885 25
37,733008734627 25
38,1344237211656 26
38,5358387077042 26
38,9372536942428 26
39,3386686807814 27
39,74008366732 28
40,1411617489543 30
1,2006643129931 1
1,70843408292376 1
2,40132862598621 1
2,9014297886497 1
3,41686816584753 1
4,00221437664368 1
4,50338607550655 1
5,00484517341984 1
5,50684951056692 1
6,01266105553175 1
6,5177801939424 1
7,03241639618976 1
7,53669507391323 1
8,04178909180546 1
8,54217041461882 1
9,05232077153261 1
9,55238824919862 1
10,0662395380544 1
10,5752093089534 1
11,0815311170105 1
11,5828034760772 1
12,0855924702006 1
12,5892998315834 1
13,0920677280511 1
13,5946023449225 1
14,1025317147438 1
14,6197531412353 1
15,1377033105591 1
15,6377196256523 1
16,1464513874886 1
16,6485317555104 1
17,1546947070401 1
17,6697167963322 1
18,1781818745375 1
18,6894552701712 1
19,1983717932746 1
19,7004997635743 1
20,2271274682022 1
20,7390172275644 1
21,2407517712825 1
21,7439020251526 1
22,245712928055 1
22,7519353994375 1
23,2560958535342 1
23,7572262867408 2
24,2676169026421 2
24,7722942023946 4
25,2781143360954 4
25,7867365142314 7
26,2969529550954 9
26,7971380405804 12
27,3023224793249 12
27,8206439221086 12
28,3228621699273 14
28,8297962472789 15
29,3300108727407 16
29,8426968029094 17
30,3459237534935 19
30,8744720814161 20
31,3805390982441 21
31,8836858569974 22
32,3841208187796 23
32,8873560962824 24
33,4149037230961 25
33,9210673227977 26
34,4291531373654 26
34,9368688257328 26
35,4459623850326 28
35,9764248843929 32
36,4766505757385 34
36,9850755941171 35
37,5067741516042 38
38,0113581672118 40
38,5190313692883 41
39,0285834818426 42
39,5357704626769 42
40,0566193546115 43
40,5753094694393 47
41,1908083696225 49
41,7289506500624 50
42,2837435523631 50
42,8221275129739 53
43,3339102904494 54
43,8491845880068 55
44,4534466563253 55
45,090199246158 56
45,6769360138389 56
46,3215905382543 57
46,9350287387367 59
47,4350287387367 60
47,9350287387367 60
0,800063234976047 1
1,30125758297581 1
2,00015808744012 1
2,5006199105797 1
3,00108738460122 1
3,60028455739221 1
4,10462820979433 1
4,60551435430758 1
5,10579653834888 1
5,60669847871336 1
6,11199986843631 1
6,61377882341939 1
7,11761309302081 1
7,63110070442052 1
8,14580861534618 1
8,6650108679054 1
9,16599869947304 1
9,67655850715414 1
10,1866664473939 1
10,7181692307187 1
11,2458326170408 1
11,7488907777752 1
12,2628477142693 1
12,7644913458722 1
13,264528529163 1
13,7745616015295 1
14,2754402112694 1
14,7766615552596 1
15,2804154322216 1
15,7834783998232 1
16,2916172306924 1
16,7946355426699 1
17,2969730949849 1
17,8012501841826 2
18,3017018261447 2
18,8030331618796 2
19,3073889084513 2
19,823241641801 2
20,3299090449389 2
20,8318152260751 2
21,3358651633343 2
21,8443400661877 3
22,3595018057122 3
22,8906490666361 3
23,3963807958277 5
23,9208730878222 7
24,4291862286796 9
24,9344570190143 9
25,4400185559001 10
25,9420367487427 11
26,4427282876616 13
26,9435735748624 14
27,455580487207 14
27,97261763759 15
28,4959098600889 15
29,0167766221346 15
29,5240246957174 17
30,0453643746856 19
30,5599993421816 21
31,061930537086 23
31,5669567996464 25
32,0809954481556 25
32,5844092514196 27
33,1377543902845 28
33,6437302733074 31
34,1641769707631 34
34,6708480674079 34
35,1832947847465 36
35,6901500617849 39
36,2223824862809 41
36,7401545090735 43
37,2627979575795 45
37,7753261252308 46
38,3305400159781 47
38,8425891002861 48
39,3551955893769 48
39,8739553544103 49
40,4137215385856 52
40,9151720669227 53
41,4496291887682 55
42,0343675403929 55
42,6468811367219 56
43,1637629044779 56
43,7468119747577 57
44,3193078479659 58
44,8564594889673 60
45,3564594889673 60
45,8564594889673 60
46,3564594889673 60
46,8564594889673 60
0,400250416370367 0
0,800500832740733 1
1,2007512491111 1
1,60100166548147 1
2,00125208185183 1
2,4015024982222 1
2,80175291459257 1
3,20200333096293 1
3,6022537473333 1
4,00250416370366 1
4,40275458007403 1
4,8030049964444 1
5,20325541281476 1
5,60350582918513 1
6,0037562455555 1
6,40400666192586 1
6,80425707829623 1
7,2045074946666 1
7,60475791103696 1
8,00500832740733 1
8,4052587437777 1
8,80550916014806 1
9,20575957651843 1
9,6060099928888 1
10,0062604092592 1
10,4065108256295 1
10,8067612419999 1
11,2070116583703 1
11,6072620747406 1
12,007512491111 1
12,4077629074814 1
12,8080133238517 1
13,2082637402221 1
13,6085141565925 1
14,0087645729628 1
14,4090149893332 1
14,8092654057036 1
15,2095158220739 1
15,6097662384443 1
16,0100166548147 1
16,410267071185 1
16,8105174875554 1
17,2107679039258 1
17,6110183202961 1
18,0112687366665 1
18,4115191530369 1
18,8117695694072 1
19,2120199857776 2
19,612270402148 2
20,0125208185183 2
20,4127712348887 2
20,8130216512591 3
21,2132720676294 3
21,6135224839998 3
22,0137729003702 4
22,4140233167405 4
22,8142737331109 4
23,2145241494813 5
23,6147745658516 5
24,015024982222 5
24,4152753985924 5
24,8155258149627 5
25,2157762313331 5
25,6160266477034 6
26,0162770640738 6
26,4165274804442 7
26,8167778968145 8
27,2170283131849 8
27,6172787295553 8
28,0175291459256 11
28,417779562296 11
28,8180299786664 12
29,2182803950367 12
29,6185308114071 13
30,0187812277775 14
30,4190316441478 14
30,8192820605182 16
31,2195324768886 16
31,6197828932589 17
32,0200333096293 18
32,4202837259997 19
32,82053414237 21
33,2207845587404 22
33,6210349751108 22
34,0212853914811 24
34,4215358078515 26
34,8217862242219 27
35,2220366405923 28
35,6222870569626 28
36,022537473333 29
36,4227878897034 29
36,8230383060737 29
37,2232887224441 29
37,6235391388145 30
38,0237895551848 31
38,4240399715552 32
38,8242903879256 33
39,2245408042959 33
39,6247912206663 35
40,0250416370367 35
40,425292053407 39
40,8558352989766 39
41,2592480520101 40
41,659823275816 44
42,0793912965688 44
42,4801474041552 44
42,8809035117416 45
43,2816596193279 45
43,6824157269143 46
44,0831718345007 46
44,483927942087 47
44,8846840496734 48
45,2854401572598 49
45,6861962648461 50
46,0869523724325 50
46,4877084800189 54
46,8884645876052 54
47,2892206951916 54
47,689976802778 54
48,0907329103643 56
48,4914890179507 57
48,8922451255371 58
49,4143211931858 58
49,8403067207133 58
50,2662922482408 59
50,6922777757682 59
51,1182633032957 60
51,5182633032957 60
51,9182633032957 60
52,3182633032957 60
52,7182633032957 60
53,1182633032957 60
53,5182633032957 60
53,9182633032957 60
54,3182633032957 60
54,7182633032957 60
55,1182633032957 60
55,5182633032957 60
55,9182633032957 60
56,3182633032957 60
56,7182633032957 60
57,1182633032957 60
57,5182633032957 60
57,9182633032957 60
58,3182633032957 60
58,7182633032957 60
59,1182633032957 60
59,5182633032957 60
59,9182633032957 60
60,3182633032957 60
0,400282352251403 0
0,800564704502805 1
1,20084705675421 1
1,60112940900561 1
2,00141176125701 1
2,40169411350842 1
2,80197646575982 1
3,20225881801122 1
3,60254117026262 1
4,00282352251403 1
4,40310587476543 1
4,80338822701683 1
5,20367057926823 1
5,60395293151963 1
6,00423528377104 1
6,40451763602244 1
6,80479998827384 1
7,20508234052524 1
7,60536469277664 1
8,00564704502805 1
8,40592939727945 1
8,80621174953085 1
9,20649410178225 1
9,60677645403366 1
10,0070588062851 1
10,4073411585365 1
10,8076235107879 1
11,2079058630393 1
11,6081882152907 1
12,0084705675421 1
12,4087529197935 1
12,8090352720449 1
13,2093176242963 1
13,6095999765477 1
14,0098823287991 1
14,4101646810505 1
14,8104470333019 1
15,2107293855533 1
15,6110117378047 1
16,0112940900561 1
16,4115764423075 1
16,8118587945589 1
17,2121411468103 1
17,6124234990617 1
18,0127058513131 2
18,4129882035645 2
18,8132705558159 2
19,2135529080673 3
19,6138352603187 3
20,0141176125701 3
20,4143999648215 4
20,8146823170729 5
21,2147717575141 5
21,6152470215757 5
22,0155293738271 6
22,4158117260785 7
22,8160940783299 7
23,2163764305813 7
23,6166587828327 7
24,0169411350841 8
24,4172234873355 9
24,8175058395869 9
25,2177881918383 10
25,6180705440897 11
26,0183528963411 11
26,4186352485925 12
26,8189176008439 14
27,2191999530953 15
27,6194823053468 16
28,0197646575982 16
28,4200470098496 16
28,820329362101 16
29,2206117143524 19
29,6208940666038 22
30,0211764188552 22
30,4214587711066 24
30,821741123358 25
31,2220234756094 28
31,6253239174218 29
32,0274268927436 32
32,4328373597404 33
32,8382478267372 36
33,2396572628631 37
33,6421236603513 38
34,0544792277274 39
34,4598896947242 39
34,8653001617209 39
35,2707106287177 40
35,6732751550757 40
36,0815315627112 40
36,486942029708 41
36,8923524967047 45
37,2934494390405 45
37,7031734306982 48
38,108583897695 48
38,5139943646917 48
38,9194048316885 49
39,3248152986853 51
39,730225765682 51
40,1356362326788 52
40,5410466996755 52
40,9464571666723 52
41,351867633669 52
41,7572781006658 53
42,1649617650405 53
42,5787978904429 54
43,0254711888168 55
43,4725233986367 56
43,8905284313159 56
44,3085334639951 57
44,7265384966743 58
45,1445435293535 58
45,5625485620327 58
45,9805535947119 58
46,3985586273911 59
46,8165636600703 59
47,2345686927495 59
47,6525737254287 60
48,0525737254287 60
48,4525737254287 60
1,20491418447751 0
2,40982836895501 0
3,42073675749571 0
4,43714492384488 0
5,43927993504863 0
6,45402898013801 0
7,47199146179203 0
8,47462779288153 0
9,48228663743956 0
10,4877970927243 0
11,4910336150888 0
12,5046811490174 0
13,5125786389121 0
14,5215652053105 0
15,524351602422 0
16,5313308361369 0
17,548781429148 0
18,5522999428165 0
19,5593659887408 0
20,5722173741899 0
21,5769666871502 0
22,5769733746002 0
23,5783190393942 0
24,5949377513438 0
25,5977045297994 1
26,6053385167747 1
27,8067205741692 1
29,0081026315636 1
30,0088533024516 1
31,0104060605543 1
32,0157935867752 1
33,0258782984753 1
34,0263924730711 1
35,0277159960563 1
36,0527446516335 1
37,0643975138271 1
38,0730491398775 1
39,0757550132603 1
40,0811424836252 1
1,20138260811154 0
2,40276521622308 0
3,40496911159988 0
4,40506956307565 0
5,4077419839746 0
6,41562669682091 0
7,42184985445359 0
8,42642704063471 0
9,42881069011041 0
10,4327191931668 0
11,4351878257621 0
12,4390113456989 0
13,4435351192862 0
14,4453034982309 0
15,4456572125116 0
16,4484396841382 0
17,4504666969494 0
18,4578878032951 0
19,4649671176548 0
0,400607535058546 0
0,801215070117092 0
1,20182260517564 0
1,60243014023418 0
2,00303767529273 0
2,40364521035128 0
2,80425274540982 0
3,20486028046837 0
3,60546781552691 0
4,00607535058546 0
4,40668288564401 0
4,80729042070255 0
5,2078979557611 0
5,60804556237671 0
6,00911302587819 0
6,40972056093673 0
6,81032809599528 0
7,21093563105383 0
7,61154316611237 0
8,01215070117092 0
8,41275823622946 0
8,81336577128801 0
9,21397330634656 0
9,6145808414051 0
10,0151883764636 0
10,4157959115222 0
10,8164034465807 0
11,2170109816393 0
11,6176185166978 0
12,0182260517564 0
12,4188335868149 0
12,8194411218735 0
13,2199166427749 0
13,6206561919906 0
14,0212637270491 0
14,4218712621077 0
14,8224787971662 0
15,2230863322247 0
15,6236938672833 0
16,0243014023418 0
16,4249089374004 0
16,8255164724589 0
17,2261240075175 0
17,626731542576 0
18,0273390776346 0
18,4279466126931 0
18,8285541477517 0
19,2291616828102 0
19,6297692178688 0
20,0303767529273 0
20,4309842879859 0
20,8315918230444 0
21,232199358103 0
21,6328068931615 0
22,0334144282201 0
22,4340219632786 0
22,8346294983371 0
23,2352370333957 0
23,6358445684542 0
24,0364521035128 0
24,4370596385713 0
24,8376671736299 0
25,2382747086884 0
25,638882243747 1
26,0394897788055 1
26,4398332855497 1
26,8407048489226 2
27,2413123839812 2
27,6417533559415 4
28,0425274540983 4
28,4431349891568 5
28,8437425242154 5
29,2443500592739 8
29,6449575943325 8
30,045565129391 8
1,20220739202404 0
2,40441478404808 0
3,40847800896769 0
4,4121657129675 0
5,41472506353255 0
6,41769558249818 0
7,43700712783527 0
8,43725993697834 0
9,46168103129428 0
10,4683856619489 0
11,474196910929 0
12,4815367507852 0
13,4912235523754 0
14,491961906733 0
15,4964665848831 0
16,4976779915658 0
1,20764599454061 0
2,4103232333545 0
3,61179935402104 0
4,81327547468758 0
5,81720161304212 0
6,82008706241339 0
7,82030038095313 0
8,82289782299916 0
9,82668091321795 0
10,826818421756 0
11,8273864681561 0
12,828729376138 0
13,8392359274969 0
14,8401874062403 0
15,84550406862 0
16,8610919375566 0
17,8664498648209 0
18,8681431464736 0
19,8685561021811 0
20,8718078209394 0
21,8738148828248 0
22,8822455643075 0
23,8883730440729 0
24,8892967732244 0
25,8915591738209 0
26,8963479821414 0
27,8981541387967 1
28,9033991910584 1
29,9149154503028 5
30,9186553896475 7
31,922196852649 9
32,9244828640384 15
33,9315054671649 17
34,9362751916169 23
35,9446052574087 29
36,9509465603303 32
0,400867531596913 0
0,801735063193825 0
1,20260259479074 0
1,60347012638765 0
2,00433765798456 0
2,40520518958148 0
2,80607272117839 0
3,2069402527753 0
3,60780778437221 0
4,00867531596912 0
4,40954284756604 0
4,81041037916295 0
5,21127791075986 0
5,61214544235677 0
6,01301297395369 0
6,4138805055506 0
6,81474803714751 0
7,21561556874442 0
7,61648310034133 0
8,01735063193825 0
8,41821816353516 0
8,81908569513207 0
9,21995322672898 0
9,62082075832589 0
10,0216882899228 0
10,4225558215197 0
10,8234233531166 0
11,2242908847135 0
11,6251584163105 0
12,0260259479074 0
12,4268934795043 0
12,8277610111012 0
13,2286285426981 0
13,629496074295 0
14,0300760544052 0
14,4312311374888 0
14,8320986690858 0
15,2329662006827 0
15,6338337322796 0
16,0347012638765 0
16,4355687954734 0
16,8364363270703 0
17,2369069280682 0
17,6381713902641 0
18,039038921861 0
18,4394133162578 0
18,8407739850549 0
19,2416415166518 0
19,6425090482487 0
20,0433765798456 0
20,4442441114425 0
20,8451116430394 0
21,2459791746363 0
21,6468467062333 0
22,0477142378302 0
22,4485817694271 0
22,849449301024 0
23,2503168326209 0
23,6510379817853 1
24,0520518958147 1
24,4529194274116 1
24,8537869590086 1
25,2546544906055 1
25,6555220222024 1
26,0563895537993 2
26,4572570853962 2
26,8577085988377 2
27,25899214859 3
27,6598596801869 5
28,0601521088103 5
28,4615947433808 7
28,8624622749777 8
29,2633298065746 8
29,6641973381715 8
30,0650648697684 10
30,4659324013653 12
30,8667999329622 13
31,2676674645592 15
31,6685349961561 18
32,069402527753 20
32,4702700593499 22
32,8711375909468 24
33,2720051225437 26
33,6728726541406 29
34,0737401857376 30
34,4746077173345 31
34,8754752489314 33
35,2763427805283 36
35,6772103121252 37
36,0780778437221 38
36,4789453753191 42
36,9027193498354 43
37,3220684333562 44
37,7414175168771 47
38,1451723772291 47
38,5467005075157 50
38,9482286378023 51
39,4288151673492 52
39,8438553270055 54
40,2588954866618 55
1,20071056842484 0
2,40142113684968 0
3,40479429450722 0
4,40931241010887 0
5,41079746602755 0
6,41285958065357 0
7,41606860915453 0
8,41630930025272 0
9,44619032437017 0
10,4723782022793 0
11,4911807439619 1
12,4944771125161 1
13,4946641631883 1
14,5064948507126 1
15,5103853810545 2
16,5243619487739 3
17,5284755017877 4
18,5348598866028 5
19,5380474018635 7
20,5482451815374 9
21,5520077412727 10
22,5567622011103 12
1,20064200762098 0
2,40128401524196 0
3,41495004242762 0
4,41663899093159 0
1,20221944322252 0
1,20345836953141 0
2,40691673906283 0
1,20118659224188 15
2,40237318448376 22
3,40424342345658 22
1,20067155684568 1
2,40134311369135 1
3,40276765502123 1
4,40469975817247 1
5,41305515935576 1
6,61792435509937 1
7,82279355084298 1
8,8298474384807 1
9,83090887708233 1
10,8482511635256 1
11,8557819574294 1
12,8839022192698 1
13,8845251834168 1
14,9058327499877 1
15,9167100139955 1
16,9214129478678 2
17,9215394679805 4
18,9244466424339 6
19,9344223456367 7
20,9399054416192 8
21,9421521187489 9
22,9431411935182 10
23,9533612287936 11
24,9755691504516 12
25,978302218523 13
26,9875496835193 13
27,9900231766769 13
28,9921850265752 15
29,9991132079581 16
31,0056144008637 18
32,0143638676796 20
33,0284081502851 21
34,0286904970271 21
35,0459972876227 21
36,048837383668 22
37,061035147033 22
38,0887224625996 22
39,0893016447461 22
40,1080450293701 22
41,1254816651308 22
42,1263969498193 22
43,1285072560389 22
44,1423150022727 22
45,1502815074565 24
46,151549459504 24
47,1883887430896 25
48,1939787808638 25
49,1948280905643 25
50,201498974109 26
51,208990325585 26
52,2189964432421 27
53,2325338042568 27
54,2364939123751 27
55,2368090644584 27
56,2378403113392 27
57,2417651568344 27
58,2434149035594 27
59,2505876309761 27
60,2695538046628 27
61,2908831253874 27
62,294103946742 27
63,3031067140315 27
64,3134036653167 28
65,3332306026911 28
66,3342533162662 28
67,3424152184952 28
68,3574483755623 28
69,3684040461944 28
70,3687766899661 28
71,3760076464933 28
72,3939711345723 28
73,4382370310465 28
74,4514376366792 28
75,4572968814169 28
76,5182657812339 28
77,5541388158684 28
78,5646472754879 28
79,5742794371067 28
80,5782011368815 28
81,5895300968282 28
82,6069549757162 28
83,6395292161325 28
84,6599842261513 28
85,6609782488034 28
86,6768420231653 28
87,6978031273162 28
88,7142473136933 28
89,7444493691162 28
90,7645162616394 28
91,7810601461728 28
92,7922843195835 28
93,8021699003764 28
94,8288715522244 28
95,8353420515317 28
96,8364064527212 28
97,8452178801856 28
98,8635642433599 28
99,8699459276361 28
100,873878702702 28
101,905429929806 28
102,912987370204 28
103,915512474732 28
104,917095887755 28
105,919593209305 28
106,924483589738 28
107,92872654064 28
108,945425188709 28
109,955452378227 28
110,997421782437 28
112,005303304087 28
113,013943562736 28
114,041416299996 28
115,042691048205 28
116,045047976294 28
117,057941707926 28
118,074654992337 28
119,098145590592 28
120,112966172022 28
121,156893614713 28
122,168909049821 28
123,169077816778 28
124,195748047927 28
125,227493449891 28
126,230224494672 28
127,24117049368 28
128,249370508241 28
129,250653728055 28
130,293107657263 28
131,30184159177 28
132,303939612704 28
133,322394702389 28
134,343292086681 28
135,343951317101 28
136,345338359291 28
137,345961511512 28
138,347869495726 28
139,374887109788 28
140,376350184791 28
141,380149045535 28
142,380714463858 28
143,398247905628 28
144,414006097361 28
145,427379517188 28
146,442798858539 28
147,444876986321 28
148,445501959435 28
149,462374455454 28
150,50056585024 28
151,509619886564 28
152,526353319025 28
153,584855180984 28
154,59862123068 28
155,635331792672 28
156,661006756432 28
157,670438749911 28
158,67392675361 28
159,684449761225 28
160,699143632226 28
161,707439396394 28
162,715890476435 28
163,730069982114 28
164,931634523964 28
166,133199065813 28
167,138206617984 28
168,141909844081 28
169,144650925708 28
170,14729159952 28
171,150990309139 28
172,15267335496 28
173,162795017275 28
174,164257059141 28
175,182231598405 29
176,185796711909 32
177,189729170814 32
178,1963922979 33
179,202298785728 33
180,205603730648 35
181,218479511788 36
182,221612007226 39
183,224642476069 40
184,22621581198 40
185,234321553247 41
186,243152528102 42
187,243889672114 44
188,251568030917 45
189,252070035462 45
190,258436846353 45
191,262980071998 45
192,271111252754 46
193,274167250828 47
194,274392113079 47
195,284577697594 47
196,284733662438 48
197,28580415416 49
198,288506625379 49
199,296288780039 50
200,297216195241 50
201,300109552224 52
202,306929490875 52
1,20071755038068 0
2,40143510076137 2
3,40410291276053 7
4,41551828390974 10
5,43249014360211 14
6,43318936609053 16
7,43445835648522 16
8,440168283459 16
9,46705449266904 16
10,4716216094191 16
11,4905563124039 16
12,5253753737263 16
13,5424413681904 17
14,5568822291554 17
15,5804545861223 17
16,5853953180365 17
17,5901489044853 17
18,5942332958166 17
19,6111029312239 17
20,6114185168763 17
21,6129159068523 17
22,6178667300379 17
23,6355606853744 17
24,6551475748096 17
25,6594171081233 17
26,6745057252234 17
27,6916118998856 17
28,7003236893832 17
29,7043957281201 17
30,905654893639 17
32,1069140591579 18
33,1082340819303 21
34,1090126683561 23
35,1094338176261 26
36,1111112775542 29
37,182424142229 31
38,1892733044521 32
39,2068467145704 33
40,2079272371748 33
41,2140069209986 33
42,2303538466227 34
43,2334612079215 34
1,20090072935715 0
2,40180145871429 0
3,40663877224863 0
4,4121945705786 0
5,42037015899347 0
6,42117274150148 0
7,4328646986379 0
8,43787135738073 0
9,4415016233415 0
10,4468883472333 0
11,4560961546788 1
12,4703975325075 1
13,4723822484121 1
14,4782147820567 3
15,4923073605522 4
16,49920569541 5
17,5119651290558 6
18,5134006429132 9
19,7139123706835 9
20,9144240984538 9
21,9153098041162 9
22,9161157688645 9
23,9171204969915 9
24,9173499170241 9
25,922221351759 9
26,9372609027098 9
27,9403233928292 9
28,9559703311294 9
29,9693501677284 9
30,9719334521181 9
31,9853230282696 9
32,9863257845466 9
33,987600276165 9
34,9953186489983 9
35,9983419556889 9
36,9990956896945 9
38,0204821773054 9
39,0279378236146 9
40,0365344804139 9
41,0391669589774 9
42,0514733862461 9
43,0529763610043 9
44,0538567752075 9
45,0616252297032 9
46,0623280668815 9
47,0728543650661 9
48,073006119584 9
49,075852667894 9
50,0833277707818 9
51,0906630287064 9
52,1072536097927 9
53,1105810570158 9
54,1146753945174 9
55,1177709065176 9
56,1294347797165 9
57,1330119179084 9
58,3338370780981 9
59,5346622382879 9
60,5390696081425 9
1,20412431783823 0
1,20084882481433 0
1,20082115355799 0
2,40164230711597 0
3,40424946928959 0
4,40674403787299 0
5,40958605981865 0
6,40980950963345 0
1,20011289639357 9
2,40022579278713 19
3,40066699429827 31
4,40083499781845 41
14,4013547567228 135
24,4014402384438 202
34,401834542827 255
44,4021415264547 283
54,4024485100825 294
1,20017151257193 0
2,40034302514385 2
3,40045292181177 6
4,40062887943039 9
5,40064325473115 12
6,40091473371694 17
7,40161719702333 20
8,40200359158061 25
9,40222121596729 31
10,402323028542 36
11,4024811269413 39
12,4029065699738 43
13,4045390003624 48
14,4048736828986 54
15,4050652661832 59
16,4051079388045 64
17,4055922074535 70
18,4057308581709 75
19,4059398888977 78
20,4061308648573 82
21,4064234536354 88
22,4065970346919 92
23,4066307615926 97
24,4067083047382 102
25,4068125916995 106
26,4068136270871 111
27,4069286327222 112
28,4070678435893 114
29,407744115002 116
30,4078459948276 119
31,4081099025409 119
32,4083621786978 121
1,20010895362216 4
1,20204755030829 0
2,40409510061658 1
3,43918024849645 1
4,4562959050035 1
5,4728338232004 2
6,47831974350476 3
7,50151906786886 3
8,50747400046122 4
9,51849790051054 5
10,5246804292315 6
11,5877365745346 7
12,5905341635138 8
13,6569752485586 9
14,6841914186108 10
15,6914506980026 10
16,6999562854397 10
17,707407298913 10
1,20326672022406 0
2,40753698651634 1
3,42279045304542 1
4,43845058104572 2
5,47169486472945 2
6,48087125584735 4
7,52251084565355 4
8,55416633294739 4
9,55840316217006 5
10,5587783277027 6
11,5631230548415 7
12,5997132592242 8
13,6279664574918 9
14,640517891773 9
15,6410233562783 10
16,7009914119449 10
17,7387475905405 10
1,20734800779591 0
2,41469601559183 0
3,42331623386148 0
4,42694269525169 0
5,4297521340458 0
6,43499567663014 0
7,48730929138351 0
8,4881856676181 0
9,49846908568055 0
10,5213458452551 0
11,5239445158058 0
12,5301972324134 0
13,5403979736657 0
14,5490939939113 0
15,5715918509776 0
16,6075938220162 0
17,6435488747765 0
18,6740084687598 0
19,6840683447035 0
20,6852866141236 0
21,7176226903288 0
22,7261070257511 1
23,7445108199863 1
24,7551400709902 1
25,756601956892 2
26,768412877827 2
27,7690041793061 3
28,8194536345508 3
29,8768931891261 3
30,8879792478247 3
31,8898168634405 4
32,9346713547143 5
33,9527426704723 6
34,9619729325534 7
35,9742381807838 7
37,0253389057414 8
38,084393101709 8
39,1241125673811 8
40,2239657478724 8
41,2299765557911 9
42,2544632246212 9
43,2547387649901 9
44,2733635545272 10
45,3673220196228 12
46,41609555384 12
47,4483918370367 13
48,4500959653316 13
49,6558861555658 14
50,6687251610989 15
51,7650215586553 15
1,20541307290352 0
2,41082614580704 0
3,41716078423586 0
4,41984793397957 0
5,42528979435165 0
6,4288697221521 0
7,44712302166613 0
8,44953117876648 0
9,45652216233769 0
10,461324316568 0
11,490097764198 0
12,5198995254269 0
13,5268124135962 0
1,20822329334484 0
2,41644658668968 0
3,41921098178579 0
4,43015207559775 0
5,43298898515513 0
6,44385756450582 0
7,46104487597774 0
8,50379224564917 0
9,53355734152711 0
10,5919109890476 0
11,6060698070765 0
12,6288169484798 0
13,6768439271431 0
14,7361287088928 0
15,7510947381752 0
16,8069436699583 0
17,8174694670744 0
18,8266338483506 0
19,8421819065147 0
20,8961114813659 0
21,9686321348234 0
22,9710241638623 1
24,0354903213002 2
25,039548300478 2
26,0714837361166 4
27,0919702923205 4
28,1093022401647 6
29,1140681058488 7
30,1462081995969 7
31,1643545921761 7
32,1831141590291 7
33,2052840068206 7
34,2200201184613 8
1,21046908604354 0
2,42093817208707 0
3,43914766989168 0
4,44083881695925 0
5,49562642172536 0
6,49580523963852 0
7,50535761480488 0
8,52506890509728 0
9,5271810181365 0
10,564436973907 0
11,5757214766872 0
12,5960594688892 0
13,6401102481556 0
14,6561349249976 0
15,6933149166438 0
16,7308345266518 0
17,7535465953052 0
18,755151591214 0
19,7709950720444 0
20,7830386733932 0
21,7884435487836 0
22,8279866748592 1
23,8280988134711 1
24,9338206067147 1
25,9832209585541 2
27,0487455214791 4
28,0588000736572 4
29,1328966370496 6
30,1597020129304 7
31,1798651502649 8
1,20120910370191 0
2,40241820740381 0
3,40848226022616 0
4,43589391255475 0
5,43947473320427 0
6,44335977212777 0
7,47311622577175 0
8,47810712847591 0
9,48150985575883 0
10,4848401569476 0
11,5036276282633 0
12,5123822343749 0
13,6137031752883 0
14,6175796609884 0
15,6465924208169 0
16,6698907697379 0
17,6700865493687 0
18,6827905644294 0
19,7003420333818 0
20,7586561826993 1
21,7762064798142 1
22,7862271185996 1
23,7925218946118 1
24,8019041470537 2
25,8088373094095 4
26,841797799281 5
27,9212256792204 6
28,92521143606 6
29,9787813551462 7
31,0303958915743 7
32,0529913951259 7
33,0675728026809 7
34,0848226022615 7
35,0978867064286 8
36,1140203389126 9
37,1866794094153 9
38,2306013146249 9
39,276206552432 9
40,3229698029003 10
41,3653664754337 10
42,3693237936653 11
43,3852891323271 12
44,39070523378 13
45,5330757230364 14
46,5455938373616 14
47,5850437892238 14
48,7004824409432 14
49,7220061674405 14
50,731599999901 14
51,8111660904422 15
52,8274638676977 15
53,8722150895389 15
55,0308881354858 16
1,20093499646786 0
2,40186999293571 0
3,40892069003325 0
4,47440395653355 0
5,48380944213043 0
6,50822393677608 0
7,52003569891063 0
8,52230172508312 0
9,55141524511668 0
10,5623093732338 0
11,6090382991893 0
12,6096838775036 0
1,20141086746415 0
2,4028217349283 0
3,40990533160669 0
4,42863615766974 0
5,44073083662661 0
6,44165259297418 0
7,48334643620356 0
8,52476332901672 0
9,53413220064662 0
10,5554683339631 0
11,6136383854868 0
12,6385602467286 0
13,6396213264267 0
14,6463706474569 0
15,6480065419605 0
16,6626145580665 0
17,714544630679 0
18,7539926241779 0
19,793389711773 0
20,801742983229 0
21,8131233558314 0
22,8268064818188 2
23,8328569998899 2
24,8694250016273 2
25,9481009131423 4
26,9744202330793 4
1,20123930100101 0
2,40247860200201 0
3,40420672866685 0
4,40454410367036 0
5,41037123745957 0
6,41707607022821 0
7,4912832518671 0
8,49916405642422 0
9,5023478417019 0
10,512835647071 0
11,522931036411 0
12,5258221549707 0
13,5465182499141 0
14,5663841008527 0
1,20252738218263 0
2,40505476436525 0
3,41294710666583 0
4,44244789679625 0
5,44264678102475 0
6,45389032594196 0
7,53597246603427 0
8,54232747535655 0
9,62021905746101 0
10,631807147824 0
11,7119080915537 0
12,7158750716314 0
13,7312025900975 0
14,76682266383 0
15,7848803683295 0
1,20923569313636 0
2,41847138627272 0
3,44078016887381 0
4,44205726537095 0
5,45984625067237 0
6,46117420417592 0
7,463011800617 0
8,46464985195452 0
9,48008426094184 0
10,4994080817859 0
11,5409721437553 0
12,5447680991851 0
13,6018600265687 0
14,6233157177137 0
15,6627479093822 0
16,698862278858 0
17,7236357921956 0
18,7353088982309 0
19,7394441370463 0
20,7717555176038 1
21,8064629390937 1
22,8082021369767 1
23,8255798778987 2
24,8446487563496 2
25,8446968167037 4
26,8792430802332 4
27,944367573046 4
28,9669659332147 4
29,9693217450058 5
39,9785153883385 12
49,9785926023086 17
60,0583087573961 18
70,1287199205938 18
80,217741067571 18
90,2974572226585 18
100,377173377746 18
110,456889532833 18
1,20022967371996 0
2,40045934743993 0
3,40471962301687 0
4,40473624427027 0
5,44045511016297 0
6,44433516958992 0
7,4753248590629 0
8,47876266356623 0
9,51209142639279 0
10,5224308680588 0
11,5277567932988 0
12,5459752657624 0
13,5511040429491 0
14,569519663466 0
15,5908626270394 0
16,5930640611696 0
1,20014179505812 0
2,40028359011625 0
3,44574582971774 0
4,45922340688976 0
5,4614116482594 0
6,4659998669286 0
7,50382121406833 0
8,51306286769864 0
9,53436211476349 0
10,5399825981031 0
11,6013706855619 0
12,6032576498294 0
13,6301049915561 0
14,6444197763004 0
15,6547439018121 0
1,20086574867438 0
2,40173149734877 0
3,42437141210212 0
4,4364224284946 0
5,45066440190298 0
6,45297807781033 0
7,46540082812558 0
8,46953372712605 0
9,4764221979329 0
10,4820469267365 0
11,4974148742973 0
12,5026450257575 0
13,550524673279 0
14,553578501434 0
15,5819038226397 0
16,5879645941392 0
17,6017751254437 0
18,6108871056196 0
19,6141405616816 0
20,6338096171 0
21,6526006463793 0
22,6567321285804 0
23,6574710765996 0
24,6796546400608 0
25,6827855907659 1
26,6904273867616 2
27,7238427270097 2
28,7254996630216 2
29,7465543544288 2
30,7484221745019 2
31,7690575434838 2
32,7713446859823 3
33,7855052274129 3
34,7942671974627 3
35,7962655384965 4
36,8119926800978 4
37,8206191077738 4
38,8279925404718 4
39,8859418055303 5
40,8993567764942 6
41,9443575057672 6
42,9555186461958 8
43,9609131550829 8
1,20384413618392 0
2,40768827236784 0
3,41823244252395 0
4,42176984608889 0
5,4310835053156 0
6,43166523067475 0
7,46673588064492 0
8,46769994654649 0
9,50378164429346 0
10,5508155899181 0
1,20438075025961 0
2,40876150051921 0
3,44131500778987 0
4,45743537796815 0
5,47920132918524 0
6,48102025639888 0
7,48285039252503 0
8,49680815320336 0
9,50549637605168 0
10,5357563479247 0
11,6040666329714 0
12,6257595529944 0
13,6496485029422 0
14,6621723841226 0
15,6798168960828 0
16,6985852152507 0
17,7020350635215 0
18,7071259813126 0
19,722549229607 0
20,7392648204764 0
21,8131217869533 0
22,8304854539215 0
1,20924258052653 0
2,41848516105305 0
3,41950570670004 0
4,43388946193059 0
5,43735494562392 0
6,44817500594212 0
7,46583113192938 0
8,46961144964114 0
9,47543008813658 0
10,4801023645632 0
11,4854034130822 0
12,4903396616346 0
13,4931531303778 0
14,5109109663183 0
15,5375702713441 0
16,5489017120468 0
17,5668390550927 0
18,5835987055691 0
19,6264045532768 0
20,6341600190148 0
21,6372805420641 0
22,6542253068877 0
23,6830981556285 0
24,7012428606289 0
25,7154621697575 1
26,7592425514078 1
27,7894825466261 2
28,8018483598748 2
29,827004333001 2
30,8318796706033 2
31,8433879538651 2
32,9436522507816 2
33,9603883646284 2
1,20740188757311 0
2,41480377514622 0
3,4215564440936 0
4,42714025443473 0
5,45168912257611 0
6,46637671811414 0
7,49264527460508 0
8,55389111023401 0
9,57393562866205 0
10,5899028142536 0
11,6143379395858 0
12,6183199663026 0
13,6838880591619 0
14,7096456783467 0
15,7241063629192 0
16,7526520225615 0
17,9532538502032 0
19,153855677845 0
20,1632202168037 0
21,2149153890435 0
22,2264838745081 0
23,230708912567 0
24,2369114284162 0
25,2715184494816 0
26,2771852750406 0
27,2792517378434 0
28,2931337082664 0
29,3048660384542 0
30,318277886856 0
31,3564230401389 0
32,3572430411434 0
33,3791719694924 0
34,4373395442351 0
35,4633005371983 0
36,4991472866279 0
37,5250166272624 0
38,5513396511152 0
39,5640867477548 0
40,5929994120616 0
41,5954273506269 0
42,6121263263729 0
43,6272254434525 0
44,6637434590427 0
45,6879727979194 0
46,6896896459804 0
47,6992360254834 1
48,7110660132553 2
49,7384873565848 3
50,7697038057445 3
51,8015223272949 3
52,856419260461 3
53,8935115252597 3
54,9059747658899 4
55,9116029634104 4
56,9130223208992 5
57,9160787547625 5
58,9274703156585 7
59,9481104127069 7
1,20148569439185 0
2,40297138878371 0
3,41251505525932 0
4,42189049486084 0
5,45705729753278 0
6,45769579762544 0
7,47036797522576 0
8,47572573438338 0
9,49098178624581 0
10,4937556711413 0
11,5172383115002 0
12,5246391141531 0
13,5619179125409 0
14,5746080106416 0
15,6193140270941 0
16,6233323227762 0
17,6304928074136 0
18,6427309748753 0
19,6507465330071 0
20,6778036210143 0
21,6800994569763 0
22,7050392701334 0
23,7174126542536 1
24,7322749192524 1
25,8307831905017 1
26,8331805080847 1
27,8488131272597 1
28,8577789624464 2
29,859506733519 3
30,8900169175482 3
31,9027965086532 3
32,9222548726501 3
33,937731793189 3
34,9440693039051 3
35,957834876117 3
36,9830841388362 4
37,9968438354454 5
39,0119216484011 5
40,0197404059647 5
41,0512066930576 5
42,104101885442 5
43,1200137907864 5
44,1884633649193 6
45,203870583378 7
46,2288551735452 10
47,2704121405133 12
48,2724860484739 14
49,2905152234412 15
50,3778378941861 16
51,6586303830213 17
52,9394228718566 17
54,2002486424409 17
55,4510236111126 17
56,4843081418832 17
57,5356485588988 17
58,6567815319557 17
59,7703161456446 17
60,8292549220281 17
61,9049702937033 17
62,9556734231429 17
64,039624441762 17
65,0402983709291 17
66,043191058202 17
67,1249233187152 18
68,2156644482744 18
69,5191484823179 18
70,8226325163613 18
72,1261165504048 18
73,4296005844483 18
74,7128951820558 18
75,993687670891 18
77,2744801597263 18
78,5552726485615 18
79,8360651373967 18
81,116857626232 18
82,119494144738 18
83,2515117742907 18
84,2919675348105 18
85,3861659223495 18
86,4644409248829 18
87,5208200704082 18
88,6369143149553 18
89,655474218467 18
90,8093877050278 18
92,1128717390713 18
93,4163557731147 18
94,7198398071582 18
96,0233238412016 18
97,3268078752451 18
98,6210216403137 18
99,9018141291489 18
101,182606617984 18
102,463399106819 18
103,744191595655 18
105,02498408449 18
106,305776573325 18
107,320185469578 18
108,440430721384 18
109,492658859651 18
110,575084869443 18
111,665132249723 18
112,709739017501 18
113,837605639796 18
114,84439316556 18
116,010079029868 18
117,313563063912 18
118,617047097955 18
119,920531131998 18
121,224015166042 18
122,527499200085 18
123,809940587407 18
125,090733076242 18
126,371525565077 18
127,652318053913 18
128,933110542748 18
130,213903031583 18
131,217392760375 18
132,348557179642 18
133,389866150448 18
134,4832113277 18
135,56233954052 18
136,617865475759 18
137,734812930592 18
138,752519623818 18
139,907286320665 18
141,210770354708 18
142,514254388752 18
143,817738422795 18
145,121222456839 18
146,424706490882 18
147,718067045664 18
148,998859534499 18
150,279652023335 18
151,56044451217 18
152,841237001005 18
154,12202948984 18
155,402821978675 18
156,418084085215 18
157,537476126734 18
158,590557475288 18
159,672130274793 18
160,76303086536 18
161,806784422851 18
162,935504255433 18
163,94143857091 18
165,107977645505 18
166,411461679549 18
167,714945713592 18
169,018429747636 18
170,321913781679 18
171,625397815723 18
172,906985992756 18
174,187778481592 18
175,468570970427 18
176,749363459262 18
178,030155948097 18
179,310948436932 18
180,315291376012 18
181,445602584991 18
182,487764766085 18
183,58025673305 18
184,861049221885 19
186,14184171072 19
187,422634199555 19
188,703426688391 19
189,984219177226 19
191,265011666061 19
192,545804154896 19
193,826596643731 19
195,107389132567 19
196,388181621402 19
197,668974110237 19
198,949766599072 19
200,230559087907 19
201,511351576743 19
202,792144065578 19
204,072936554413 19
205,353729043248 19
206,634521532083 19
207,915314020919 19
209,196106509754 19
210,476898998589 19
211,757691487424 19
213,038483976259 19
214,319276465095 19
215,60006895393 19
216,880861442765 19
218,1616539316 19
219,442446420436 19
220,723238909271 19
222,004031398106 19
232,250371308788 19
242,496711219469 19
252,743051130151 19
262,989391040833 19
273,235730951515 19
283,482070862198 19
293,72841077288 19
303,974750683562 19
314,221090594244 19
324,467430504927 19
334,713770415609 19
344,960110326291 19
355,206450236974 19
365,452790147656 19
375,699130058338 19
385,945469969021 19
396,191809879703 19
406,438149790385 19
416,684489701068 19
426,93082961175 19
437,177169522432 19
447,423509433114 19
1,20062786864962 0
2,40125573729924 0
3,40431761493394 0
4,40801561814971 0
5,41399587016901 0
6,46026235941259 0
7,49630197408017 0
8,50762293310397 0
9,52279224553554 0
10,5332474409859 0
11,5691994134053 0
12,5771842403336 0
13,6071158446957 0
14,6339416131667 0
15,6847509698502 0
16,724504700762 0
17,7287093881704 0
18,7407549352004 0
19,7589403734648 0
20,7716972303421 0
21,8609553068121 0
22,8639115749427 0
23,9023691930064 0
24,9046155690965 1
25,9229822861811 1
26,946752927611 1
27,9536182087701 1
28,9664685729321 1
29,9699611085738 1
1,20049590519499 0
2,40099181038998 0
3,4044557883017 0
4,41791076573277 0
5,44104429496238 0
6,45185033348144 0
7,4552389974168 0
8,47526934586666 0
9,49663189260366 0
10,5091508653492 0
11,5355770556403 0
12,5562560652978 0
13,5604309533866 0
14,578600208736 0
15,6064467675348 0
16,6174796009686 0
17,6350575781826 0
18,638097493542 0
19,6532053540538 0
20,6705234060828 0
21,6879255772336 0
22,69704530864 0
23,7307541684267 0
24,7749798859265 0
25,8074013339257 0
26,8100893328759 0
27,8175212754263 1
28,8182648228837 1
29,8209559896672 1
30,8388421597336 3
31,8918557111719 3
32,8977567883075 4
33,9033148292519 4
34,941657874432 4
35,9705901237185 4
36,9906085786269 4
37,9906221362928 4
39,0191946763228 4
40,1012122549758 7
41,1584346217486 8
42,2118023736587 9
43,249197792014 10
44,3223924923417 11
45,324834032881 11
1,20508840537735 0
2,4101768107547 0
3,44299386177328 0
4,4542459355722 0
5,46093326490675 0
6,47890317901411 0
7,4807213965389 0
8,49774544724356 0
9,5157135956569 0
10,5282176658979 0
11,5515155587836 0
12,5528749093398 0
13,5645690605517 0
14,5775321527818 0
15,619806796999 0
16,623825325642 0
17,6430151635449 0
18,6447438170659 0
19,6805103325432 0
20,7056156901514 0
30,7098029678018 2
40,7469635919966 4
50,7554558292296 12
60,7575195253229 15
70,9310906084026 16
80,941884241056 16
91,1555783449825 16
101,23730129558 16
111,24320500822 17
121,400747196774 17
131,482470147371 18
141,495699834141 18
151,645916048565 18
161,727638999163 18
171,80936194976 18
181,864789988551 18
191,972807850954 18
202,054530801551 18
212,136253752148 18
222,217976702746 18
232,299699653343 18
242,38142260394 18
252,408755611912 18
262,544868505134 18
272,62659145573 18
282,708314406327 19
292,790037356923 19
302,87176030752 19
312,953483258116 19
323,035206208713 19
333,116929159309 19
343,198652109906 19
353,280375060502 19
363,362098011099 19
373,443820961695 19
383,525543912292 19
393,607266862888 19
403,688989813485 19
413,770712764081 19
423,852435714678 19
433,934158665274 19
444,015881615871 19
1,21707761581306 0
2,43415523162613 0
3,45226347899952 0
4,4626179246479 0
5,46272077922748 0
6,47299402312409 0
7,54947031833339 0
8,56165244491598 0
9,64654540675934 0
10,6642901981896 0
11,7436204951853 0
12,7486594536197 0
13,793546312548 0
14,8048948493648 0
15,8220090055698 0
16,8297844601226 0
17,8321172609335 0
18,8513429336304 0
19,8789343916134 0
20,9184153887565 0
21,9360469989052 0
22,9692404268698 0
23,9832460431006 0
25,0200654649832 0
26,0300246636845 0
27,0708905030966 0
28,0765031297443 1
29,12171554121 1
30,1447696553876 2
31,1602474691019 3
32,208121102303 3
33,2233656174367 4
34,2466097796639 4
35,2741906555501 4
36,2850984570249 4
37,3237135516007 4
38,3255624365133 4
39,3521762446225 4
40,3547371534192 5
41,3806389376442 5
42,4016984393059 6
43,409101630666 7
44,4146845480943 7
45,4375643236878 9
46,4709199438394 11
47,4836498502081 11
48,4957781331948 12
49,5846963037571 14
50,6227859460543 14
51,6857427573062 14
1,20184820156422 0
2,40369640312843 0
3,42176544643884 0
4,48480752176937 0
10,0079875983248 0
20,0159751966495 0
30,0239627949743 1
40,0319503932991 6
50,0335784130196 13
60,0341672152483 16
70,0686210995594 16
80,2191257200483 17
90,2648707106092 17
100,480657474081 17
110,557501594103 17
120,742189228114 17
130,771373154219 17
140,961578917938 17
150,985244714336 17
161,157828528988 17
171,189268289176 17
181,354078140038 17
191,412987834569 17
201,550327751088 17
211,626859394685 18
221,636347350238 18
231,840730954802 18
241,897879104271 18
252,054602514918 18
262,159410858304 18
272,268474075034 18
282,420942612336 18
292,482345635151 18
302,682474366368 18
1,20286335566751 0
2,40572671133501 0
3,42714638367077 0
4,42751606712716 0
5,45282558541245 0
6,47002355598947 0
7,49258367648021 0
8,49970237469824 0
9,55276935445403 0
10,5661251179046 0
11,5666190448888 0
12,5834436586441 0
13,5848894242415 0
14,593323706935 0
15,6318043981975 0
16,6501859477338 0
17,6847310530379 0
18,6993452243362 0
19,7060917061069 0
20,7096052310929 0
21,710839441941 0
22,779025828364 0
23,7991666491551 0
24,8128674201822 0
25,8800942239578 0
26,9214409080068 1
27,9705371049588 1
28,9764868150228 3
29,9875308571192 3
30,9887428438438 3
32,0242381346629 4
33,1131679715887 4
34,1585502520403 4
35,1715598959444 4
36,2023803343642 4
37,2702169224196 5
38,2796656350946 5
39,3059854386049 5
40,330140478217 5
41,3477505029825 8
42,3752271899885 9
43,421678883882 9
44,427495084461 9
45,4734077046356 10
46,4909505187799 10
47,495172356455 12
48,5374996999144 13
49,7232588919846 14
50,7271514819308 16
51,8481844856592 16
52,8641448112728 16
53,9351957268219 16
54,9619283355297 16
56,0980356730083 16
57,1686945272554 17
58,2229612666828 17
59,4979166228876 17
60,7728719790923 17
61,9998518112489 17
63,2076411322472 17
64,4154304532456 17
65,4477082851763 17
66,7095160713682 17
67,9681861859223 17
69,2268563004764 17
70,4543770582374 17
71,6621663792357 17
72,6724553036698 17
73,6751485808997 17
74,6810934635443 17
75,6881307825636 17
76,7788769878011 17
78,0375471023552 17
79,0472320846934 17
80,1166916262242 17
81,172157678368 17
82,233114150869 17
83,2970832720425 17
84,3308976751259 17
85,3504453505505 17
86,4286811993827 17
87,5469344593916 17
88,5712168732127 17
89,6718600530661 17
90,9468154092709 17
92,1945848362078 17
93,4023741572062 17
94,6101634782045 17
95,6216517153549 17
96,6231456798685 17
97,7465773090294 17
99,0153823449239 17
100,246513642864 17
101,454302963862 17
102,66209228486 17
103,696368971318 17
104,889176212843 17
106,147846327397 17
107,406516441951 17
108,665186556506 17
109,90882821085 17
110,921115989812 17
111,921810412514 17
113,046041583486 17
114,119423719573 17
115,142581935177 17
116,21720724383 17
117,295892770835 17
118,314990768087 17
119,42081836451 17
120,695773720715 18
121,970729076919 18
123,194510741832 18
124,402300062831 18
1,20093883152627 0
2,40187766305254 0
3,41793549625507 0
4,42399446456024 0
5,4426110878869 0
6,46798455693657 0
7,53592304476647 0
8,54483874063768 0
9,60751065221017 0
10,6091598278352 0
11,6256577989963 0
12,6499849008518 0
13,6652043625181 0
14,6781883950432 0
15,6850712834408 0
16,7063258926108 0
17,7362707043711 0
18,7709453367479 0
19,7733845782146 0
20,7939532625569 0
21,8075941869213 0
22,8178377989991 0
23,8637563084271 0
24,891905772644 0
25,9072512054408 0
1,20520985237655 0
2,41041970475309 0
3,43867496617237 0
4,44956866990906 0
5,45805687509583 0
6,47080657877662 0
7,47822180204416 0
8,48435748787285 0
9,49051631553904 0
10,4962632213381 0
11,5455096755722 0
12,5513129320351 0
13,5749719805966 0
14,6143686062326 0
15,6222646635524 0
16,6581199390835 0
17,6764111681893 0
18,6895979804352 0
19,6947722216196 0
20,7065810520852 0
21,7391051399471 0
22,7525540631385 0
23,7562009660439 0
24,7711812023581 0
25,7900622462928 0
26,8020760325784 1
27,8356033742755 1
28,8468154587676 1
29,8497980068682 1
30,8784662285451 1
31,908640192868 1
32,9099442698967 2
33,9374299514913 2
34,9414223112484 4
35,9843588230997 5
37,0992910516526 5
38,1324313227104 6
39,2371055437436 6
40,2993063776824 6
41,3056634746115 6
42,3228083911401 8
43,370946648342 10
1,20920840994992 0
2,41841681989984 0
3,4285033189442 0
4,43376416981638 0
5,45478400657109 0
6,4815222832132 0
7,49302536720339 0
8,50699799671732 0
9,53780195516266 0
10,5416262702444 0
11,5711987014367 0
12,5725571227144 0
13,5875561380477 0
14,5885396449027 0
1,20445113510713 0
2,40890227021425 0
3,45203023616644 0
4,5003054457293 0
5,50961326192555 0
6,54589883015171 0
7,58113907484975 0
8,59149221457412 0
9,60906364609463 0
10,6323294629092 0
11,6430276393689 0
12,6826789834189 0
13,7298674216219 0
14,7411037566523 0
15,7413098450733 0
16,7738657522638 0
17,7965423064119 0
1,20875537634256 0
2,41751075268513 0
3,42556963993791 0
4,4321030465894 0
5,44157131485972 0
6,44669534049368 0
7,46005824078952 0
8,46128763439795 0
9,46894277328128 0
10,4707072060254 0
11,4909517742678 0
12,4936787852643 0
13,5029575980882 0
14,5050645161108 0
15,5238585245464 0
16,5253216233231 0
17,5292253327065 0
18,5338161595946 0
19,5544224583171 0
20,5586234514264 0
21,5670934203516 0
22,57608495011 0
23,6235177625002 0
24,6315145355361 0
25,6651794765412 0
26,6660776735251 0
27,6810860172659 0
1,20075454945995 0
2,40150909891991 0
3,41870427863821 0
4,42484735892244 0
5,42605627430259 0
6,43002914975791 0
7,43124895965651 0
1,20011255139668 0
2,40022510279336 0
3,40140778795323 0
4,40263466981584 0
5,40463415298166 0
6,44518643989927 0
7,45468779503015 0
8,45604195205363 0
9,46027795504339 0
10,4656304311848 0
11,4732345577708 0
1,20132803889436 0
1,20005662294171 0
1,20333570438383 0
2,40667140876765 0
3,41154928416426 0
4,41223091607403 0
5,42891070281921 0
6,43347519945841 0
7,45844415114821 0
8,47295465445107 0
9,49100366504233 0
10,5045341750945 0
11,5052211958046 0
12,5076949660944 0
13,5102276741088 0
14,5113046932494 0
1,20038507170652 0
2,40077014341303 0
3,40270593472288 0
4,41520789331937 0
5,41704101490388 0
6,42212057210091 0
7,45971621757874 0
8,48836436169659 0
9,4941951294251 0
10,5010664297389 0
11,5061868877848 0
12,5079106072457 0
