17.10941430770449 4.570519639558144 1
90.96142956622182 2.066353820556501 2
43.64110798332331 3.5971493919828843 1
113.41436827681757 3.117876489909541 2
23.715338068082204 2.8629981190501876 1
131.72492629066448 0.6897518404650638 2
11.11099618137332 2.4359586645861993 1
92.44840540506836 0.6057196868045761 2
9.919334537483055 4.310416341155662 1
132.0248096356681 2.222533161686159 2
21.149585742941557 2.4530333850452655 1
107.19451762778829 4.474211758228322 2
40.140260950117536 0.6333545438889981 1
106.68273593086599 4.081166627172989 2
35.05365693841332 3.0122490554725614 1
91.76166211486988 3.144883202537609 2
24.19721665159978 3.980512550055862 1
99.70913055039344 1.1715720328755153 2
37.80715603140262 0.39923284728321906 1
114.01738939669286 4.841101427850705 2
27.015543715880117 3.4290835784584366 1
99.82210453919687 2.772408240223254 2
4.001749772431824 4.0465010053059745 1
134.31797599830728 3.1717799472901573 2
11.597061951507134 4.955183851690888 1
99.36007398220848 2.5912236895332135 2
44.70360065610686 2.759448414354271 1
110.80595007531471 0.652534562164781 2
43.63984715316117 2.9541409161471432 1
94.37895552557389 3.6986279051712834 2
7.4083428455299964 1.6006101375799915 1
122.25064577216204 1.7209172335475058 2
10.46218219915686 1.1248773655289213 1
120.30391251779098 4.4079077878708155 2
13.882556554555908 4.405671604791783 1
98.53354051421157 1.7706796373718574 2
24.281298417361125 4.391803217320842 1
109.52305268300934 1.088879139318576 2
13.560127250150897 4.5266830229941295 1
130.11045610109852 1.9196539834367943 2
41.98723412335084 3.7072557368046177 1
100.19695345511194 4.506792179954677 2
34.88531621936919 1.239160570071098 1
115.31328052410738 1.1409230727938613 2
26.58096410103717 3.963891508500619 1
130.96669063357686 4.653884745162417 2
19.42134940001225 0.6998810306325626 1
93.82418756001663 0.07459130628027444 2
18.595210772959184 4.328181279666314 1
96.29382562533915 4.599000742693925 2
33.275526954664045 2.4118665845402276 1
124.29811478241666 1.476046338641655 2
29.54161958161427 3.0216189303844847 1
125.9418496710964 2.411932486993436 2
41.576973084514705 3.8476637861532454 1
115.8235983282632 1.1884511514658735 2
26.22243681528469 2.517992105032828 1
123.59648762402124 3.178043813139943 2
29.26576449764025 1.7324655140801426 1
100.8133879346746 4.349428122824744 2
16.659272780516787 2.8963440998301864 1
102.63258233808514 1.1854271722280156 2
31.992913760746962 2.997563268203016 1
96.87891647896333 2.2095849038252635 2
40.52245890365282 4.226257567952365 1
103.31238832410608 2.2335302012118445 2
13.437459948211153 3.151817858922147 1
93.98047193428069 0.25035283834764943 2
24.33055117282808 1.7902715403213625 1
93.98516115712899 1.878731694434369 2
14.616526774164702 3.5022662976848054 1
123.36310680376849 0.1831520248919799 2
34.71948264399363 1.8458799192493525 1
104.26527572336069 4.335128817043542 2
3.9860160756692653 3.4097556257758477 1
132.01001974562698 1.5849287305941595 2
35.41937921963171 3.675614577287475 1
92.32888733018996 4.424484647866804 2
6.356473336870053 4.049488098748778 1
108.1305792085535 1.321257159759523 2
31.888563198433356 4.368792050496948 1
98.31079802468449 4.00579270471625 2
40.447598689825526 4.832547657213183 1
123.39095633919013 3.7262568443820827 2
20.51789137048862 1.8711413222476436 1
126.24798295824672 2.5388793338153888 2
15.070884486422505 3.4571429027690908 1
129.7909374688167 0.6076114758123052 2
24.713972284102596 0.6188828104420985 1
91.68610569874498 2.591761331642547 2
7.826626182978181 4.441842718285602 1
127.654878995633 2.719104103814136 2
36.481847593226476 3.65426861887376 1
115.04586936500095 2.9780184781865833 2
29.670193573205072 2.006442173687997 1
101.59326682242865 4.119714421880006 2
18.2227845993828 4.489770859841652 1
114.83902095574224 4.438203388468631 2
14.553322200578434 2.6730182625573584 1
121.95032739779705 4.42180425168201 2